NC_A19
48*35
6.1380*6.5822|0|0
-220,-30
Border: Solid




0

1|1|1|1|1|1|1|1|1|1|1|1|1|1|1|1|1|1|1|1|1|1|1|1|1|1|1|1|1|1|1|1|1|1|1|1|1|1|1|1|1|1|1|1|1|1|1|1|1|1|1|1|1|1|1|1|1|1|1|1|1|1|1|1|1|1|1|1|1|1|1|1|1|1|1|1|1|1|1|1|1|1|1|1|1|1|1,12,3|1|1|1|1|1|1,9,3|1|1|1,12,3|1|1|1|1|1|1|1|1|1|1|1|1|1|1|1|1|1|1|1|1|1|1|1|1|1|1,3|1|1|1|1|1|1,3|1|1|1,3|1|1|1|1|1|1|1|1|1|1|1|1|1|1|1|1|1|1|1|1|1|1|1|1|1|1,3|1|1|1|1|1|1,3|1|1|1,3|1|1|1|1|1|1|1|1|1|1|1|1|1|1|1|1|1|1|1|1|1|1|1|1|1|1,3|1|1|1|1|1|1,3|1|1|1,3|1|1|1|1|1|1|1|1|1|1|1|1|1|1|1|1|1|1|1|1|0,6|0,6|0,6|1|1|4,3,6|1|1|1|1|1|4,3,6|1|1|4,3,6|1|1|1|1|1|1|1|1|1|1|1|1|1|1|1|1|1|1|1|1|0,6|0,6|0,6|1|1|0,6|1|1|1|1|1|0,6|1|1|0,6|1|1|1|1|1|1|1|1|1|1|1|1|1|1|1|1|1|1|1|1|0,6|0,6|0,6|1|1|0,6|1|1|1|1|1|0,6|1|1|0,6|1|1|1|1|1|1|1|1|1|1|1|1|1|1|1|1|1|1|1|1|1|0,6|1|1|1|0,6|1|1|1|1|1|0,6|1|1|0,6|1|1|1|1|1|1|1|1|1|1,4,3|1,3|1,3|1,3|1,3|1,3|4,3,6|0,6|0,6|1|1|1|0,6|0,6|0,6|0,6|0,6|0,6|0,6|0,6|0,6|0,6|0,6|0,6|0,6|0,6|0,6|0,6|4,3,6|1,3|1,3|1,3|1,3|1,3|1,4,3|1|1|1|1|1|1|1|1|0,6|1|1|1|1|1|1|1|0,6|1|1|0,6|1|1|0,6|1|1|0,6|1|1|1|1|1|1|1|1|1|1|1|1|1|1|1|1|1|0,6|1|1|1|1|1|1|1|0,6|1|1|0,6|1|1|0,6|1|1|0,6|1|1|1|1|1|1|1|1|1|0|2|1|1|1|1|1|1|0,6|0,6|0,6|0,6|0,6|0,6|0,6|0,6|0,6|1|1|0,6|1|1|0,6|1|1|0,6|1|1|1|1|1|1|1|1|1|0|0|0|0|2|1|1|1|0,6|1|1|1|1|1|1|1|1|1|1|0,6|1|1|0,6|1|1|0,2,6|1|1|1|1|1|1|1|1|1|0|0|0|0|0|0|0|0|0|3|0|0,2|0|0|1|1|0,6|1|1|0,6|1|1|0|0,2|0|0,2|0|0|0|2|1|1|1|1|1|0|0|0|0|0|0|0|0|0|3|0|0,2|0|0|1|1|0|1|1|0|1|1|0|0,2,1|0,1|0,2,1|0|0|0|0|0|0|0|2|1|0|0|0|0|0|0|0|0|0|1|1|1|0|0|0|0|0|0|0|0|0|0|0|0,2|0|0,2|0|0|0|0|0|0|0|0|0|0|0|0|0|0|0|0|0|0|1|1|1|0|0|0|0|0,6|0|0|0|0|0|0|0,2,1|0,1|0,2,1|0|0|0|0|0|0|0|0|0|0|0|0|0|0|0|0|0|0|1|1|1|0|0|0|0,6|0,6|0,6|0|0|0|0|0|0,2|0|0,2|0|0|0|0|0|0|0|0|0|0,6|0,6|0,6|0,6|0,6|0,6|0|0|0|1|1|1|0|0|0|0|0,6|0,6|0|0|0|0|0|1|1|1|1|1|1|1|1|0,6|0,6|0,6|0,6|0,6|0,6|0,6|0,6|0,6|0,6|0|0|0|1|1|1|0|0|0|0|0,6|0,6|0|0|0|0|0|1|1|1,3|1,3|4,3,6|0,6|0,6|1|0,6|0,6|0,6|0,6|0,6|0,6|0,6|0,6|0,6|0,6|0,6|0,6|0,6|1|1|1|0,6|0,6|0,6|0,6|0,6|0,6|0,6|0,6|0,6|0,6|0,6|1|1|1,3|1|1|1|0,6|1|0,6|0,6|0,6|0,6|0,6|0,6|0,6|0,6|0,6|0,6|0,6|0,6|0,6|1|1|1|0,3,6|0,3,6|0,3,6|0,3,6|0,3,6|0,3,6|0,6|0,6|0,6|0,6|0,6|1|1|1,3|1|0,6|1|0,6|1|0,6|0,6|0,6|0,6|0,6|0,6|0,6|0,6|0,6|0,6|0,6|0,6|0,6|1|1|1|0,3,6|0,6|0,6|0,6|0,6|0,3,6|0,6|0,6|0,6|0,6|0,6|1|1|1,3|1|0,6|1|0,6|1|0,6|0,6|0,6|0,6|0,6|0,6|0,6|0,6|0,6|0,6|0,6|0,6|0,6|3,6|4,3,6|1,3|0,3,6|0,6|0,6|0,6|0,6|0,3,6|0,6|0,6|0,6|0,6|0,6|1|1|1,3|1|0,6|1|0,6|1|0,6|0,6|0,6|0,6|0|0|0|0|0,6|0,6|0,6|0,6|0,6|1|1|1|0,6|0,6|0|0|0,6|0,3,6|0,3,6|0,3,6|0,3,6|0,3,6|0,3,6|1,3|1,3|1,3|1|0|1|0|1|0|0|0|0,6|0|0|0|0|0,6|0,6|0,6|0,6|0,6|0,2,6|0,6|0,2,6|0,6|0,6|0|0|0,6|0,6|0,6|0,6|0,6|0,6|0,6|0,6|1|0,6|1|0|1|0|1|0|0|0|0,6|0|0|0|0|0|0|0|0|0|0,2,1|0,1|0,2,1|0|0|0|0|0|0|0|0|0|0|0|0,7|1|0|1|0|1|0,1|0,2,1|0,1|0,1|0,1|0|0|0|0|0|0|0|0|0|0|0,2|0|0,2|0|0|0|0|0|0|0|0|0|0|0|0,7|1|0|1|0|0,2|0|0,2|0|0|0|0|0|0|0|0|0|0|0|0|0|0,2,1|0,1|0,2,1|0|0|0|0|0|0|0|0|0|0|0|0|1|0,1|0,1,2|0,1|0,1,2|0,1|0,1,2|0,1|0|0|0|0|0|0|0|0|0|0|0|0|0,2|0|0,2|0|0|0|0|0|0|0|0|0|0|0|0|0|0|0|0|0|0|0|0|0|0|0|0|0|0|0|0|0|0|0|0|0,2,1|0,1|0,2,1|0|0|0|0|0|0|0|0|0|0|0|0|0|0|0|0|0|0|0|0|0|0|0|0|0|0|0|0|0|0|0|0|0,2|0|0,2|0|0|0|0|0|0|0|0|0|0|0|0|0|0|0|0|0|0|0|0|0|0|0|0|0|0|0|0,6|0|0|0|0|0,2,1|0,1|0,2,1|0|0|0|0|0|0|0|0|0|0|0|0|0|0|0|0|0|0|0|0|0|0|0|0|0|0|0,6|0,6|0,6|0|0|0|0,2|0|0,2|0|0|0|0|0|0|0|0|0|0|0|3|0|0|0|0|0|0|0|0|0|0|0|0,6|0,6|0|0|0,6|0,6|0|0|0|0,2|0,6|0,6|0,6|0,6|0,6|0,6|0,6|0,6|0|0|0|0|0|3,1|0,2,1|0,1|0,1|0,1|0,1,6|0,1,6|0,6|0,6|0,6|0,6|0,6|0,6|0,6|0|0|0,6|0,6|0|0|0|1|1|1|1|1|1|0,6|0,6|0,6|0|0|0|0|0|1|1|1|1|0|0,6|0,6|0,6|0,6|0,6|0,6|0,6|0,6|0,6|0,6|0,6|0,6|0,6|0,6|0,6|0,6|3,6|4,3,6|1,3|1,3|1,3|1,3|0,3,6|0,3,6|0,3,6|0,6|0,6|0,6|0,6|0,6|3,6|4,3,6|1,3|1|0,6|0,6|0,6|0,6|0,6|0,6|0,6|0,6|0,6|0,6|0,6|0,6|0,6|0,6|0,6|0,6|0,6|1|1|1|1|1|1|0,6|0,6|0,3,6|0,6|0,6|0,6|0,6|0,6|1|1|1,3|1|0,6|0,6|0,6|0,6|0,6|0,6|0,6|0,6|0,6|0,6|0,6|0,6|0,6|0,6|0,6|0,6|0,6|1|1|1|1|1|1|0,6|0,6|0,3,6|0,3,6|0,3,6|0,3,6|0,3,6|0,3,6|1,3|1,3|1,3|1|0,6|0,6|0,6|0,6|0,6|0,6|0,6|0,6|0,6|0,6|0,6|0,6|0,6|0,6|0,6|0,6|0,7,6|1|1|0,6|0,6|0,6|0,6|0,6|0,6|0,6|0,6|0,6|0,6|0,6|0,6|1|1|1|1|0,6|0,6|0,6|0,6|0,6|0,6|0,6|0,6|0|0|0|0|0,6|0,6|0,6|0,6|0,7,6|1|1|0,6|0|0|0|0|0,6|0,6|0,6|0,6|0,6|0,6|0,6|3,6|4,3,6|1,3|1,9,3|0|0,6|0,6|0|0|0|0|0|0|0|0|0|0,6|0,6|0,6|0,6|0,6|1|1|0,6|0|0|0|0|0,6|0,6|0,6|0,6|0,6|0,6|0,7,6|1|1|1|1|0|0,6|0,6|0|0|0|0|0|0|0|0|0|0|0|0|0|0|0|0|0|0|0|0|0|0|0|0|0|0|0|0,7|1|1|0|0|0,6|0,6|0,6|0|0|0|0|0|0|0|0|0|0|0|0|0|0|0|0|0|0|0|0|0|0|0|0|0|0|0|0|1|1|0|0|0|0,6|0|0|0|0|0|0|0|0|0|0|0|0|0|0|0|0|0|0|0|0|0|0|0|0|0|0|0|0|0|0|0|0|0|0|0|0|0|0|0|0|0|0|0|0|0|0|0|0|0|0|0|0|0|0|0|0|0|0|0|0|0|0|0|0|0|0|0|0|0|0|0|0|0|0|0|0|
