NC_FT1
152*35
5.1622*7.3724|0|0
-201,-40|801,-40|1807,-39
Border: Passable




0

0,6|1|1|1|1|1|1,4,3|1|1|1,3|1|2,6|1|0,6|1|1|1|0,6|2,6|1|1|1|1|1|1|1|1|1|1|0|0|0|0|0|0|0,6|1|1|1|1|1|1,3|1|1|1,3|1|1|1|0,6|1|1|1|0,6|1|1|1|1|1|1|1|1|1|1|1|0|0|0|0|0|0|0,6|1|1|1|1|1|1,3|1|1|1,3|1|1|1|0,6|1|0,6|1|1|1|1|1|1|1|1|1|1|1|1|1|0|0|0|0|0|0|0,6|1|1|1|1|1|1,3|1|1|1,3|1|1|1|0,6|1|0,6|1|1|1|1|1|1|1|1|1|1|1|1|1|0|0|0|0|0|0|0,6|1|1|1|1|1|1,3|1|1|1,3|1|1|1|1|1|0,6|1|0,6|1|1|1|1|1|1|1|1|1|1|1|0|0|0|0|0|0|0,6|1|1|1|1|1|1,3|1|1|1,3|1|2,6|1|1|1|0,6|1|0,6|2,6|1|1|1,9,3|1|1|1|1|1|1|1|0|0|0|0|0|0|0,6|1|1|1|1|1|1,3|1|1|1,3|1|0,6|0|1|1|0,6|1|0,6|0,6|1|1|1,3|1|1|1|1|1|1|1|0|0|0|0|0|0|0,6|1|1|1|1|1|1,3|1|1|1,3|1|0,6|0|1|1|0,6|1|0,6|0,6|1|1|1,3|1|1|1|1|1|1|1|0|0|0|0|0|0|0,6|1|1|1|1|1|4,3,6|1|1|4,3,6|1|0,6|0,6|1|1|0,6|1|0,6|0,6|1|1|1,3|1|1|1|1|1|1|1|0|0|0|0|0|0|0,6|1|1|1|1|1|0,2|1|1|0,2|1|0|0|1|1|0,6|1|0,6|0,6|1|1|4,3|1|1|1|1|1|1|1|0|0|0|0|0|0|0,6|1|1|1|1|0|0,2|0|0|0,2|0|0|1|1|1|0,6|1|0,6|0,6|1|1|0,2|1|1|1|1|1|1|2|0|0|0|0|0|0|0,6|1|1|1|1|0|0,2|0|0|0,2|0|0|1|1|1|0,6|1|0,6|0,6|1|0|0,2|0,6|0,6|1|0|0|0|0|0|0|0|0|0|0|0,6|1|1|1|1|0|0|0|0|0,2|0|0|0|1|1|0,6|1|0,6|0,6|0,6|0|0,2|0,6|0,6|0,6|0|0|0|0|0|0|0|0|0|0|0,6|1|1|1|1|0|0|0|0|0,2|0|0|0|1|1|0,6|1|0,6|0,6|0,6|0|0,2|0,6|0,6|0,6|0|0|0|0|0|0|0|0|0|0|0,6|1|1|1|1|0|0|0|0|0,2|0|0|0|1|1|0,6|1|0,6|0,6|0,6|0|0,2|0,6|0,6|0,6|0|0|0|0|0|0|0|0|0|0|0,6|1|1|1|1|0|0|0|0|0,2|0|0|0,6|0,6|1|0,6|1|0,6|0,6|0,6|0|0,2|0,6|0,6|0,6|0|0|0|0|0|0|0|0|0|0|0,6|1|1|1|1|0|0|0|0|0|0|0|0,6|0,6|1|0,6|1|0,6|0,6|0,6|0|0,2|0,6|0,6|0,6|0|0|0|0|0|0|0|0|0|0|0,6|1|1|1|1|0|0|0|0|0|0|0|0|0,6|1|0,6|1|0,6|0,6|0,6|0|0,2|0,6|0,6|0,6|0|0|0|0|0|0|0|0|0|0|0,6|1|1|1|1|0|0|0|0|0|0|0|0|0,6|1|0,6|1|0,6|0,6|0,6|0|0,2|0,6|0,6|0,6|0,2|0|0|0|0|0|0|0|0|0|0,6|1|1|1|1|0|0|0|0|0|0|0|0|0,6|1|0,6|1|0,6|0,6|0,1,6|0,1|0,2,1|0,1,6|0,1,6|0,1,6|0,1,2|0,1|0,1|0|0|0|0|0|0|0|0,6|1|1|1|1|0|0|0|0|0|0|0|0|0,6|1|0,6|1|0,6|0,6|0,6|0|0,2|0,6|0,6|0,6|0,2|0|0|0|0|0|0|0|0|0|0,6|1|1|1|1|0|0|0|0|0|0|0|0|0|1|0,6|1|0,6|0,6|0,6|0|0|0,6|0,6|0,6|0,2|0|0|0|0|0|0|0|0|0|0,6|1|1|1|1|0|0|0|0|0|0|0|0|0|1|0,6|1|0,6|0,6|0,6|0|0|0,6|0,6|0,6|0,2|0|0|0|0|0|0|0|0|0|0,6|1|1|1|1|0|0|0|0|0|0|0|0|0|1|0,6|0,6|0,6|0,6|0,6|0|0|0,6|0,6|0,6|0,2|0|0|0|0|0|0|0|0|0|0,6|1|1|1|1|0,6|0|0|0|0|0|0|0|0,6|1|0,6|0,6|0,6|0,6|0,6|0|0|0,6|0,6|0,6|0,2|0|0|0|0|0|0|0|0|0|0,6|1|1|1|1|0,6|0|0|0|0|0|0|0|0,6|1|0,6|0,6|0,6|0,6|0,6|0|0|0,6|0,6|0,6|0,2|0|0|0|0|0|0|0|0|0|0,6|1|1|1|1|0,6|0,6|0,6|0|0|0|0,6|0,6|0,6|1|0,6|0,6|0,6|0,6|0,6|0|0,2|0,6|0,6|0,6|0,2|0|0|0|0|0|0|0|0|0|0,6|1|1|1|1|0,6|0,6|0,6|0,6|0,6|0,6|0,6|0,6|0,6|1|0,6|0,6|0,6|0,6|0,6|0|0,2|0,6|0,6|0,6|0|0|0|0|0|0|0|0|0|0|0,6|1|1|1|1|0,6|0,6|0,6|0,6|0,6|0,6|0,6|0,6|0,6|3,6|0,6|0,6|0,1,6|0,1,6|0,1,6|0,1|0,2,1|0,1,6|0,1,6|0,1,6|0|0|0|0|0|0|0|0|0|0|0,6|1|1|1|1|0,6|0,6|0,6|0,6|0,6|0,6|0,6|0,6|0,6|1|0,6|0,6|0,6|0,6|0,6|0|0,2|0,6|0,6|0,6|0|0|0|0|0|0|0|0|0|0|0,6|1|1|1|1|0,6|0,6|0,6|0,6|0,6|0,6|0,6|0,6|0,6|1|0,6|0,6|0,6|0,6|0,6|0|0,2|0,6|0,6|0,6|0|0|0|0|0|0|0|0|0|0|0,6|1|1|1|1|1|0,6|0,6|0,6|0,6|0,6|0,6|0,6|0,6|1|0,6|1|0,6|0,6|0,6|0|0,2|0,6|0,6|0,6|0|0|0|0|0|0|0|0|0|0|0,6|1|1|1|1|0,6|0,6|0,6|0|0|0|0,6|0,6|0,6|1|0,6|1|0,6|0,6|0,6|0|0,2|0,6|0,6|0,6|0|0|0|0|0|0|0|0|0|0|0,6|1|1|1|1|0,6|0|0|0|0|0|0|0|0,6|1|0,6|1|0,6|0,6|0,6|0|0,2|0,6|0,6|0,6|0|0|0|0|0|0|0|0|0|0|0,6|1|1|1|1|0,6|0|0|0|0|0|0|0|0,6|1|0,6|1|0,6|0,6|0,6|0|0,2|0,6|0,6|0,6|0|0|0|0|0|0|0|0|0|0|0,6|1|1|1|1|0|0|0|0|0|0|0|0|0|1|0,6|1|0,6|0,6|0,6|0|0,2|0,6|0,6|0,6|0|0|0|0|0|0|0|0|0|0|0,6|1|1|1|1|0|0|0|0|0|0|0|0|0|1|0,6|1|0,6|0,6|0,6|0|0,2|0,6|0,6|0,6|0|0|0|0|0|0|0|0|0|0|0,6|1|1|1|1|0|0|0|0|0|0|0|0|0|1|0,6|1|0,6|0,6|0,6|0|0,2|0,6|0,6|0,6|0|0|0|0|0|0|0|0|0|0|0,6|1|1|1|1|0|0|0|0|0|0|0|0|0|1|0,6|1|0,6|0,6|0,6|0|0,2|0,6|0,6|0,6|0|0|0|0|0|0|0|0|0|0|0,6|1|1|1|1|0|0|0|0|0|0|0|0|0,6|1|0,6|1|0,6|0,6|0,6|0|0,2|0,6|0,6|0,6|0|0|0|0|0|0|0|0|0|0|0,6|1|1|1|1|0|0|0|0|0|0|0|0|0,6|1|0,6|1|0,6|0,6|0,6|0|0,2|0,6|0,6|0,6|0|0|0|0|0|0|0|0|0|0|0,6|1|1|1|1|0|0|0|0|0|0|0|0|0,6|1|0,6|1|0,6|0,6|1|0|0,2|0,6|0,6|1|0|0|0|0|0|0|0|0|0|0|0,6|0,2,6|1|1|1|0|0|0|0|0|0|0|0|0,6|1|0,6|1|0,6|0,6|1|1|0,2|1|1|1|1|1|1|2|0|0|0|0|0|0|0,6|0,2,6|1|1|0,6|0|0|0|0|0|0|0|0|0,6|1|0,6|1|0,6|0,6|1|1|4,3|1|1|1|1|1|1|1|0|0|0|0|0|0|0,6|0,2,6|0,6|1|0,6|0|0|0|0|0|0|0|0|1|1|0,6|3,6|0,6|0,6|1|1|1,3|1|1|1|1|1|1|1|0|0|0|0|0|0|0|0,2,6|0,6|1|0,6|0|0|0|0|0|0|0|0|1|1|0,6|1|0,6|0,6|1|1|1,3|1|1|1|1|1|1|1|0|0|0|0|0|0|0|0,6|0,6|0,2,6|0,6|0|0|0|0|0|0|0|0|1|1|0,6|1|0,6|0,6|1|1|1,3|1|1|1|1|1|1|1|0|0|0|0|0|0|0|0,6|0,6|0,2,6|0,6|0,6|0|0|0|0|0|0|1|1|1|0,6|1|0,6|2,6|1|1|1,5,3|1|1|1|1|1|1|1|0|0|0|0|0|0|0|0,6|0,6|0,6|0,6|0,6|0|0|0|0|0|0|1|1|1|0,6|1|0,6|1|1|1|1|1|1|1|1|1|1|1|0|0|0|0|0|0|0|0|0,6|0,6|0,6|0,6|0,6|0,6|0|0|0|0,6|1|1|1|0,6|1|0,6|1|1|1|1|1|1|1|1|1|1|1|0|0|0|0|0|0|0|0|0,6|0,6|0,6|0,6|0,6|0,6|0,6|0,6|0,6|0,6|1|1|1|0,6|1|0,6|1|1|1|1|1|1|1|1|1|1|1|0|0|0|0|0|0|0|0|0,6|0,6|0,6|0,6|0,6|0,6|0,6|0,6|0,6|0,6|0,6|1|1|0,6|1|0,6|1|1|1|1|1|1|1|1|1|1|1|0|0|0|0|0|0|0|0|0,6|0,6|0,6|0,6|0,6|0,6|0,6|0,6|0,6|0,6|0,6|1|1|0,6|1|0,6|2,6|1|1|1|1|1|1|1|1|1|1|0|0|0|0|0|0|0|0,6|0,6|0,6|0,6|0,6|0,6|0,6|0,6|0,6|0,6|0,6|0,6|0,6|1|0,6|1|0,6|0,6|1|1|1|1|1|1|1|1|1|1|0|0|0|0|0|0|0|0,6|0,6|0,6|0,6|0,6|0,6|0,6|0,6|0,6|0,6|0,6|0,6|0,6|1|0,6|1|0,6|0,6|1|1|1|1|1|1|1|1|1|1|0|0|0|0|0|0|0,6|0,6|0,6|0,6|0,6|0,6|0,6|0,6|0|0|0|0,6|0,6|0,6|1|0,6|1|0,6|0,6|1|1|1|1|1|1|1|1|1|1|0|0|0|0|0|0|0,6|0,6|0,6|0,6|0,6|0,6|0|0|0|0|0|0|0|0,6|1|0,6|1|0,6|0,6|1|1|1|1|1|1|1|1|1|1|0|0|0|0|0|0|0,6|0,6|0,6|0,6|0,6|0,6|0|0|0|0|0|2|1|0,6|1|0,6|1|0,6|2,6|1|1|1|1|1|1|1|1|1|1|0|0|0|0|0|0|0,6|0,6|0,6|0,6|0,6|0|0|0|0|0|0|1|1|0|1|0,6|1|0,6|1|1|1|1|1|1|1|1|1|1|1|0|0|0|0|0|0|0,6|0,6|0,6|0,6|0,6|0|0|0|0|0|0|1|1|0|1|0,6|1|0,6|1|1|1|1|1|1|1|1|1|1|1|0|0|0|0|0|0|0,6|0,6|0,2,6|0,6|0,6|0|0|0|0|0|0|1|1|0|1|0,6|1|0,6|1|1|1|1|1|1|1|1|1|1|1|0|0|0|0|0|0|0,6|0,6|0,2,6|0,6|0,6|0|0|0|0|0|0|1|1|0,6|1|0,6|1|0,6|1|1|1|1|1|1|1|1|1|1|1|0|0|0|0|0|0|0,6|0,6|0,2,6|0,6|0,6|0|0|0|0|0|0|2|1|0,6|1|0,6|1|0,6|2,6|1|1|1|1|1|1|1|1|1|1|0|0|0|0|0|0|0,6|0,6|0,2,6|0,6|0,6|0|0|0|0|0|0|0|0|0,6|1|0,6|1|0,6|0,6|1|1|1|1|1|1|1|1|1|1|0|0|0|0|0|0|0,6|0,6|0,2,6|0,6|0,6|0|0|0|0|0|0|0|0,6|0,6|1|0,6|1|0,6|0,6|1|1|1|1|1|1|1|1|1|1|0|0|0|0|0|0|0,6|0,6|0,2,6|0,6|0,6|0|0|0|0|0|0|0|0,6|0,6|1|0,6|1|0,6|0,6|1|1|1|1|1|1|1|1|1|1|0|0|0|0|0|0|0,6|0,2,6|1|0,6|0,6|0|0|0|0|0|0|0|0,6|0,6|3,6|0,6|1|0,6|0,6|1|1|1|1|1|1|1|1|1|1|0|0|0|0|0|0|0,6|0,2,6|1|0,6|0,6|0|0|0|0|0|0|0|0|0,6|1|0,6|1|0,6|2,6|1|1|1|1|1|1|1|1|1|1|0|0|0|0|0|0|0,6|0,2,6|1|1|0,6|0|0|0|0|0|0|0|0|0,6|1|0,6|1|0,6|1|1|1|1|1|1|1|1|1|1|1|0|0|0|0|0|0|0,6|1|1|1|0,6|0|0|0|0|0|0|0|0|1|1|0,6|1|0,6|1|1|1|1|1|1|1|1|1|1|1|0|0|0|0|0|0|0,6|1|1|1|0,6|0,6|0|0|0|0|0|0|0|1|1|0,6|1|0,6|1|1|1|1|1|1|1|1|1|1|1|0|0|0|0|0|0|0,6|1|1|1|1|0,6|0|0|0|0|0|0|0|1|1|0,6|1|0,6|1|1|1|1|1|1|1|1|1|1|1|0|0|0|0|0|0|0,6|1|1|1|1|0,6|0,6|0,6|0|0|0|0,6|0,6|0,6|1|0,6|1|0,6|2,6|1|1|1,9,3|1|1|1|1|1|1|1|0|0|0|0|0|0|0,6|1|1|1|1|0,6|0,6|0,6|0,6|0,6|0,6|0,6|0,6|0,6|1|0,6|1|0,6|0,6|1|1|1,3|1|1|1|1|1|1|1|0|0|0|0|0|0|0,6|1|1|1|1|0,6|0,6|0,6|0,6|0,6|0,6|0,6|0,6|0,6|1|0,6|1|0,6|0,6|1|1|1,3|1|1|1|1|1|1|1|0|0|0|0|0|0|0,6|1|1|1|1|0,6|0,6|0,6|0,6|0,6|0,6|0,6|0,6|0,6|1|0,6|1|0,6|0,6|1|1|1,3|1|1|1|1|1|1|1|0|0|0|0|0|0|0,6|1|1|1|1|0,6|0,6|0,6|0,6|0,6|0,6|0,6|0,6|0,6|1|0,6|1|0,6|0,6|1|1|4,3|1|1|1|1|1|1|1|0|0|0|0|0|0|0,6|1|1|1|1|0,6|0,6|0,6|0,6|0,6|0,6|0,6|0,6|0,6|1|0,6|1|0,6|0,6|1|1|0,2|1|1|1|1|1|1|2|0|0|0|0|0|0|0,6|1|1|1|1|0,6|0,6|0,6|0|0|0|0,6|0,6|1|1|0,6|1|0,6|0,6|1|0|0,2|0,6|0,6|1|0|0|0|0|0|0|0|0|0|0|0,6|1|1|1|1|0,6|0|0|0|0|0|0|0|1|1|0,6|1|0,6|0,6|0,6|0|0,2|0,6|0,6|0,6|0|0|0|0|0|0|0|0|0|0|0,6|1|1|1|1|0,6|0|0|0|0|0|0|0|1|1|0,6|1|0,6|0,6|0,6|0|0,2|0,6|0,6|0,6|0|0|0|0|0|0|0|0|0|0|0,6|1|1|1|1|0|0|0|0|0|0|0|0|1|1|0,6|1|0,6|0,6|0,6|0|0,2|0,6|0,6|0,6|0|0|0|0|0|0|0|0|0|0|0,6|1|1|1|1|0|0|0|0|0|0|0|0|1|1|0,6|1|0,6|0,6|0,6|0|0,2|0,6|0,6|0,6|0|0|0|0|0|0|0|0|0|0|0,6|1|1|1|1|0|0|0|0|0|0|0|0|1|1|0,6|3,6|0,6|0,1,6|0,1,6|0,1|0,2,1|0,1,6|0,1,6|0,6|0|0|0|0|0|0|0|0|0|0|0,6|1|1|1|1|0|0|0|0|0|0|0|0|0,6|1|0,6|1|0,6|0,6|0,6|0|0,2|0,6|0,6|0,6|0|0|0|0|0|0|0|0|0|0|0,6|1|1|1|1|0|0|0|0|0|0|0|0|0,6|1|0,6|1|0,6|0,6|0,6|0|0,2|0,6|0,6|0,6|0|0|0|0|0|0|0|0|0|0|0,6|1|1|1|1|0|0|0|0|0|0|0|0|0,6|1|0,6|1|0,6|0,6|0,6|0|0,2|0,6|0,6|0,6|0|0|0|0|0|0|0|0|0|0|0,6|1|1|1|1|1|0|0|0|0|0|0|0|0,6|1|0,6|1|0,6|0,6|0,6|0|0,2|0,6|0,6|0,6|0|0|0|0|0|0|0|0|0|0|0,6|1|1|1|1|0|0|0|0|0|0|0|0|0,6|1|0,6|1|0,6|0,6|0,6|0|0,2|0,6|0,6|0,6|0|0|0|0|0|0|0|0|0|0|0,6|1|1|1|1|0|0|0|0|0|0|0|0|0,6|3,6|0,6|1|0,6|0,6|0,6|0|0,2|0,6|0,6|0,6|0|0|0|0|0|0|0|0|0|0|0,6|1|1|1|1|0|0|0|0|0|0|0|0|0,6|1|0,6|1|0,6|0,6|0,6|0|0,2|0,6|0,6|0,6|0|0|0|0|0|0|0|0|0|0|0,6|1|1|1|1|0|0|0|0|0|0|0|0|0|1|0,6|1|0,6|0,6|0,6|0|0,2|0,6|0,6|0,6|0|0|0|0|0|0|0|0|0|0|0,6|1|1|1|1|0|0|0|0|0|0|0|0|0|1|0,6|1|0,6|0,6|0,6|0|0,2|0,6|0,6|0,6|0|0|0|0|0|0|0|0|0|0|0,6|1|1|1|1|0,6|0|0|0|0|0|0|0|0,6|1|0,6|1|0,6|0,6|1|0|0,2|0,6|0,6|1|0|0|0|0|0|0|0|0|0|0|0,6|1|1|1|1|0,6|0|0|0|0|0|0|0|0,6|1|0,6|1|0,6|0,6|1|1|0,2|1|1|1|1|1|1|2|0|0|0|0|0|0|0,6|1|1|1|1|0,6|0,6|0,6|0|0|0|0,6|0,6|0,6|1|0,6|1|0,6|0,6|1|1|4,3|1|1|1|1|1|1|1|0|0|0|0|0|0|0,6|1|1|1|1|0,6|0,6|0,6|0,6|0,6|0,6|0,6|0,6|0,6|1|0,6|1|0,6|0,6|1|1|1,3|1|1|1|1|1|1|1|0|0|0|0|0|0|0,6|1|1|1|1|0,6|0,6|0,6|0,6|0,6|0,6|0,6|0,6|0,6|1|0,6|1|0,6|0,6|1|1|1,3|1|1|1|1|1|1|1|0|0|0|0|0|0|0,6|1|1|1|1|0,6|0,6|0,6|0,6|0,6|0,6|0,6|0,6|0,6|1|0,6|1|0,6|0,6|1|1|1,3|1|1|1|1|1|1|1|0|0|0|0|0|0|0,6|1|1|1|1|0,6|0,6|0,6|0,6|0,6|0,6|2,6|1|0,6|1|0,6|1|0,6|2,6|1|1|1,3|1|1|1|1|1|1|1|0|0|0|0|0|0|0,6|1|1|1|1|0,6|0,6|0,6|0,6|0,6|0,6|1|1|0,6|1|0,6|1|0,6|1|1|1|1,3|1|1|1|1|1|1|1|0|0|0|0|0|0|0,6|1|1|1|1|0,6|0,6|0,6|0|0|0|1|1|0,6|1|0,6|1|0,6|1|1|1|1,3|1|1|1|1|1|1|1|0|0|0|0|0|0|0,6|1|1|1|1|0,6|0|0|0|0|0|1|1|0,6|1|0,6|1|0,6|1|1|1|1,3|1|1|1|1|1|1|1|0|0|0|0|0|0|0,6|1|1|1|1|0,6|0|0|0|0|0|1|1|0,6|1|0,6|1|0,6|1|1|1|1,3|1|1|1|1|1|1|1|0|0|0|0|0|0|0,6|1|1|1|1|0|0|0|0|0|0|2|1|0|1|0,6|1|0,6|2,6|1|1|1,3|1|1|1|1|1|1|1|0|0|0|0|0|0|0,6|1|1|1|1|0|0|0|0|0|0|0|0|0|1|0,6|1|0,6|0,6|1|1|1,3|1|1|1|1|1|1|1|0|0|0|0|0|0|0,6|1|1|1|1|0|0|0|0|0|0|0|0|0|1|0,6|1|0,6|0,6|1|1|1,3|1|1|1|1|1|1|1|0|0|0|0|0|0|0,6|1|1|1|1|1|0|0|0|0|0|0|0|0|1|0,6|1|0,6|0,6|1|1|1,3|1|1|1|1|1|1|1|0|0|0|0|0|0|0,6|1|1|1|1|0|0|0|0|0|0|0|0|0|1|0,6|1|0,6|1|1|1|1,3|1|1|1|1|1|1|1|0|0|0|0|0|0|0,6|1|1|1|1|0|0|0|0|0|0|0|0|0|1|0,6|1|0,6|3,6|4,3,6|1,3|1,3|1|1|1|1|1|1|1|0|0|0|0|0|0|0,6|1|1|1|1|0|0|0|0|0|0|0|0|0|1|0,6|1|0,6|1|1|1|1|1|1|1|1|1|1|1|0|0|0|0|0|0|0,6|1|1|1|1|0|0|0|0|0|0|0|0|0|1|0,6|1|0,6|0,6|1|1|1|1|1|1|1|1|1|1|0|0|0|0|0|0|0,6|1|1|1|1|0|0|0|0|0|0|0|0|0|1|0,6|1|0,6|0,6|1|1|1|1|1|1|1|1|1|1|0|0|0|0|0|0|0,6|1|1|1|1|0|0|0|0|0|0|0|0|0|1|0,6|1|0,6|0,6|1|1|1|1|1|1|1|1|1|1|0|0|0|0|0|0|0,6|1|1|1|1|0|0|0|0|0|0|0|0|0|1|0,6|1|0,6|0,6|1|1|1|1|1|1|1|1|1|1|0|0|0|0|0|0|0,6|1|1|1|1|0|0|0|0|0|0|0|0|0|1|0,6|3,6|0,6|0,6|1|1|1|1|1|1|1|1|1|1|0|0|0|0|0|0|0,6|1|1|1|1|0,6|0|0|0|0|0|0|0|0,6|1|0,6|1|0,6|0,6|1|1|1|1|1|1|1|1|1|1|0|0|0|0|0|0|0,6|1|1|1|1|0,6|0|0|0|0|0|0|0|0,6|1|0,6|1|0,6|0,6|1|1|1|1|1|1|1|1|1|1|0|0|0|0|0|0|0,6|1|1|1|1|0,6|0,6|0,6|0|0|0|0,6|0,6|0,6|1|0,6|1|0,6|0,6|1|1|1|1|1|1|1|1|1|1|0|0|0|0|0|0|0,6|1|1|1|1|0,6|0,6|0,6|0,6|0,6|0,6|0,6|0,6|0,6|1|0,6|1|0,6|0,6|1|1|1|1|1|1|1|1|1|1|0|0|0|0|0|0|0,6|1|1|1|1|0,6|0,6|0,6|0,6|0,6|0,6|2,6|1|0,6|1|0,6|1|0,6|2,6|1|1|1|1|1|1|1|1|1|1|0|0|0|0|0|0|0,6|1|1|1|1|0,6|0,6|0,6|0,6|0,6|0,6|1|1|0,6|1|0,6|1|0,6|1|1|1|1|1|1|1|1|1|1|1|0|0|1|0|0|0|0,6|1|1|1|1|0,6|0,6|0,6|0,6|0,6|0,6|1|1|0,6|1|0,6|1|0,6|1|1|1|1|1|1|1|1|1|1|1|0|0|1|0|0|0|0,6|1|1|1|1|0,6|0,6|0,6|0,6|0,6|0,6|1|1|0,6|1|0,6|1|0,6|1|1|1|1|1|1|1|1|1|1|1|0|0|0,2|0|0|0|0,6|1|1|1|1|0,6|0,6|0,6|0|0|0|1|1|0,6|1|0,6|1|0,6|1|1|1|1|1|1|1|1|1|1|1|0|0|1|0|0|0|0,6|1|1|1|1|0,6|0|0|0|0|0|2|1|0,6|1|0,6|1|0,6|2,6|1|1|1,5,3|1|1|1|1|1|1|1|0|0|1|0|0|0|0,6|1|1|1|1|0,6|0|0|0|0|0|0|0|0,6|1|0,6|1|0,6|0,6|1|1|1,3|1|1|1|1|1|1|1|0|0|0,2|0|0|0|0,6|1|1|1|1|1|0|0|0|0|0|0|0|0|3,6|0,6|1|0,6|0,6|1|1|1,3|1|1|1|1|1|1|1|0|0|1|0|0|0|0,6|1|1|1|1|0|0|0|0|0|0|0|0|0|1|0,6|1|0,6|0,6|1|1|1,3|1|1|1|1|1|1|1|0|0|1|0|0|0|0,6|1|1|1|1|0|0|0|0|0|0|0|0|0,6|1|0,6|1|0,6|0,6|1|1|4,3|1|1|1|1|1|1|1|0|0|0,2|0|0|0|0,6|1|1|1|1|0|0|0|0|0|0|0|0|0,6|1|0,6|1|0,6|0,6|1|1|0,2|1|1|1|1|1|1|2|0,6|0|1|0|0|0|0,6|1|1|1|1|0|0|0|0|0|0|0|0|1|1|0,6|1|0,6|0,6|1|0|0,2|0,6|0,6|1|0|0|0|0|0|0,6|1|0|0|0|0,6|1|1|1|1|0|0|0|0|0,2|0|0|0|1|1|0,6|1|0,6|0,6|0,6|0|0,2|0,6|0,6|0,6|0,6|0|0|0|0|0|0,2,6|0|0|0|0,6|1|1|1|1|0|0|0|0|0,2|0|0|1|1|1|0,6|1|0,6|0,6|0,6|0|0,2|0,6|0,6|0,6|0|0,6|0|0|0|1|1|1|0|0|0,6|1|1|1|1|0|0|0|0|0,2|0|0|1|1|1|0,6|3,6|0,6|0,6|0,6|0|0,2|0,6|0,6|0,6|0|0|0,6|0|0|1|1|1|0|0|0,6|1|1|1|1|0|0,2|0|0|0,2|0|0|1|1|1|0,6|1|0,6|0,6|0,6|0|0|0,6|0,6|0,6|0|0|0|0,6|0|1|1|1|2|0|0,6|1|1|1|1|0|0,2|0|0|0,2|0|0|0|1|1|0,6|1|0,6|0,6|0,6|0|0|0,6|0,6|0,6|0|0|0|0|0,6|1|1|1|1|2|1|1|1|1|1|1|0,2,6|1|1|0,2,6|1|0,6|0,6|1|1|0,6|1|0,6|0,6|0,6|0,6|0,6|0,6|0,6|0,2,6|0,6|0,6|0,6|0,6|0,6|1|1|1|1|1|1|1|1|1|1|1|4,3,6|1|1|4,3,6|1|0,6|0|0,6|1|0,6|1|0,6|0,6|0,1,6|0,1,6|0,1,6|0,1,6|0,1,6|0,1,2,6|0,1,6|0,1,6|0,1,6|0,1,6|0,1,6|1|1|1|1|1|1|1|1|1|1|1|1,3|1|1|1,3|1|0,6|0|0,6|1|0,6|1|0,6|0,6|0,6|0,6|0,6|0,6|0,6|0,2,6|0,6|0,6|0,6|0,6|0,6|1|1|1|1|1|1|1|1|1|1|1|1,3|1|1|1,3|1|0,6|0|0,6|1|0,6|1|0,6|0,6|0,6|0,6|0,6|0,6|0,6|0,2,6|0,6|0,6|0,6|0,6|0,6|1|1|1|1|1|1|1|1|1|1|1|1,3|1|1|1,3|1|0,6|0|0,6|1|4,3,6|1|0,6|0,6|0,6|0,2,6|0,6|0,6|0,6|0,2,6|0,6|0,6|0,6|0,6|0,6|1|1|1|1|1|1|1|1|1|1|1|1,3|1|1|1,3|1|2,6|0,6|2,6|1|1,3|1|1|2,6|0,6|0,2,6|0,6|0,6|0,6|0,2,6|0,6|0,6|0,6|2,6|1|1|1|1|1|1|1|1|1|1|1|1|1,9,3|1|1|1|1|1|1|1|1|1,3|1|1|1|1|0,2,6|1|0,6|1|0,2,6|1|0,2,6|1|1|1|1|1|1|1|1|1|1|1|1|1|1|1|1|1|1|1|1|1|1|1|1,3|1|1|1|1|4,3,6|1|4,3,6|1|4,3,6|1|4,3,6|1|1|1|1|1|1|1|1|1|1|1|1|1|1|1|1|1|1|1|1|1|1|1|1,5,3|1|1|1|1|1,3|1|1,3|1|1,3|1|1,3|1|1|1|1|1|1|1|1|1|1|1|1|1|1|1|1|1|1|1|1|1|1|1|1|1|1|1|1|1,3|1|1,3|1|1,3|1|1,3|1|1|1|1|1|1|1|1|1|1|1|1|1|1|1|1|1|1|1|1|1|1|1|1|1|1|1|1|1,3|1|1,3|1|1,3|1|1,3|1|1|1|1|1|1|1|1|1|1|1|1|1|1|1|1|1|1|1|1|1|1|1|1|1|1|1|1|1,3|1|1,3|1|1,3|1|1,3|1|1|1|1|1|1|1|1|1|1|1|1|1|1|1|1|1|1|1|1|1|1|1|1|1|1|1|1|1,3|1|1,3|1|1,3|1|1,3|1|1|1|1|1|1|1|1|1|1|1|1|1|1|1|1|1|1|1|1|1|1|1|1|1|1|1|1|1|1|1|1|1,4,3|1|1|1|1|1|1|1|1|1|1|1|1|1|1|1|1|1|1|1|1|1|1|1|1|1|1|1|1|1|1|1|1|1|1|1|1|1|1|1|1|1|1|1|1|1|
